{
 "cells": [
  {
   "cell_type": "code",
   "execution_count": 12,
   "metadata": {
    "collapsed": true
   },
   "outputs": [],
   "source": [
    "#@author- Shivam Thassu\n",
    "\n",
    "# Importing librarias required for project \n",
    "# Ready to go \n",
    "\n",
    "import pandas as pd #for dataframes\n",
    "import numpy as np\n",
    "import matplotlib.pyplot as plt #for plots\n",
    "%matplotlib inline\n",
    "plt.style.use('ggplot')"
   ]
  },
  {
   "cell_type": "code",
   "execution_count": 13,
   "metadata": {},
   "outputs": [
    {
     "data": {
      "text/html": [
       "<div>\n",
       "<style>\n",
       "    .dataframe thead tr:only-child th {\n",
       "        text-align: right;\n",
       "    }\n",
       "\n",
       "    .dataframe thead th {\n",
       "        text-align: left;\n",
       "    }\n",
       "\n",
       "    .dataframe tbody tr th {\n",
       "        vertical-align: top;\n",
       "    }\n",
       "</style>\n",
       "<table border=\"1\" class=\"dataframe\">\n",
       "  <thead>\n",
       "    <tr style=\"text-align: right;\">\n",
       "      <th></th>\n",
       "      <th>2007</th>\n",
       "      <th>2008</th>\n",
       "      <th>2009</th>\n",
       "      <th>2010</th>\n",
       "      <th>2011</th>\n",
       "      <th>2012</th>\n",
       "      <th>2013</th>\n",
       "      <th>2014</th>\n",
       "      <th>2015</th>\n",
       "      <th>2016</th>\n",
       "    </tr>\n",
       "    <tr>\n",
       "      <th>Country</th>\n",
       "      <th></th>\n",
       "      <th></th>\n",
       "      <th></th>\n",
       "      <th></th>\n",
       "      <th></th>\n",
       "      <th></th>\n",
       "      <th></th>\n",
       "      <th></th>\n",
       "      <th></th>\n",
       "      <th></th>\n",
       "    </tr>\n",
       "  </thead>\n",
       "  <tbody>\n",
       "    <tr>\n",
       "      <th>Argentina</th>\n",
       "      <td>2296.440000</td>\n",
       "      <td>2788.980205</td>\n",
       "      <td>2981.852290</td>\n",
       "      <td>3475.348407</td>\n",
       "      <td>4051.930105</td>\n",
       "      <td>4563.217859</td>\n",
       "      <td>5137.974301</td>\n",
       "      <td>4979.442724</td>\n",
       "      <td>5482.616701</td>\n",
       "      <td>5209.264101</td>\n",
       "    </tr>\n",
       "    <tr>\n",
       "      <th>Australia</th>\n",
       "      <td>17186.440962</td>\n",
       "      <td>18633.092318</td>\n",
       "      <td>18960.138513</td>\n",
       "      <td>23217.692816</td>\n",
       "      <td>26597.198655</td>\n",
       "      <td>26216.580848</td>\n",
       "      <td>24825.262589</td>\n",
       "      <td>25783.708714</td>\n",
       "      <td>24040.310047</td>\n",
       "      <td>24616.898812</td>\n",
       "    </tr>\n",
       "    <tr>\n",
       "      <th>Brazil</th>\n",
       "      <td>20485.758015</td>\n",
       "      <td>24452.903036</td>\n",
       "      <td>25648.809911</td>\n",
       "      <td>34002.944470</td>\n",
       "      <td>36936.209896</td>\n",
       "      <td>33987.005074</td>\n",
       "      <td>32874.787231</td>\n",
       "      <td>32659.614241</td>\n",
       "      <td>24617.701683</td>\n",
       "      <td>23675.806667</td>\n",
       "    </tr>\n",
       "    <tr>\n",
       "      <th>Canada</th>\n",
       "      <td>17417.139931</td>\n",
       "      <td>19342.058405</td>\n",
       "      <td>18936.226052</td>\n",
       "      <td>19315.688825</td>\n",
       "      <td>21393.720864</td>\n",
       "      <td>20452.107111</td>\n",
       "      <td>18515.731210</td>\n",
       "      <td>17853.720278</td>\n",
       "      <td>15317.240429</td>\n",
       "      <td>15157.458550</td>\n",
       "    </tr>\n",
       "    <tr>\n",
       "      <th>China, P.R.</th>\n",
       "      <td>68011.562228</td>\n",
       "      <td>86362.099113</td>\n",
       "      <td>105644.214526</td>\n",
       "      <td>115711.781066</td>\n",
       "      <td>137967.304294</td>\n",
       "      <td>157390.377246</td>\n",
       "      <td>179880.451358</td>\n",
       "      <td>200772.203840</td>\n",
       "      <td>214093.069946</td>\n",
       "      <td>215175.930112</td>\n",
       "    </tr>\n",
       "    <tr>\n",
       "      <th>France</th>\n",
       "      <td>60594.986847</td>\n",
       "      <td>66009.448127</td>\n",
       "      <td>66884.028879</td>\n",
       "      <td>61781.748108</td>\n",
       "      <td>64600.927220</td>\n",
       "      <td>60035.153811</td>\n",
       "      <td>62417.099178</td>\n",
       "      <td>63613.569143</td>\n",
       "      <td>55342.131529</td>\n",
       "      <td>55745.475500</td>\n",
       "    </tr>\n",
       "    <tr>\n",
       "      <th>Germany</th>\n",
       "      <td>42551.851943</td>\n",
       "      <td>48081.444318</td>\n",
       "      <td>47470.073335</td>\n",
       "      <td>46255.521194</td>\n",
       "      <td>48140.347951</td>\n",
       "      <td>46470.870905</td>\n",
       "      <td>45930.540563</td>\n",
       "      <td>46102.673010</td>\n",
       "      <td>39812.576245</td>\n",
       "      <td>41067.464816</td>\n",
       "    </tr>\n",
       "    <tr>\n",
       "      <th>India</th>\n",
       "      <td>28254.773450</td>\n",
       "      <td>33002.376727</td>\n",
       "      <td>38722.154392</td>\n",
       "      <td>46090.445657</td>\n",
       "      <td>49633.815794</td>\n",
       "      <td>47216.920048</td>\n",
       "      <td>47403.528801</td>\n",
       "      <td>50914.108341</td>\n",
       "      <td>51295.483754</td>\n",
       "      <td>55923.169804</td>\n",
       "    </tr>\n",
       "    <tr>\n",
       "      <th>Indonesia</th>\n",
       "      <td>3348.758342</td>\n",
       "      <td>3232.202215</td>\n",
       "      <td>3304.459138</td>\n",
       "      <td>4663.365759</td>\n",
       "      <td>5838.026186</td>\n",
       "      <td>6531.097955</td>\n",
       "      <td>8384.028601</td>\n",
       "      <td>6929.255301</td>\n",
       "      <td>7639.095193</td>\n",
       "      <td>8183.424303</td>\n",
       "    </tr>\n",
       "    <tr>\n",
       "      <th>Italy</th>\n",
       "      <td>35961.721126</td>\n",
       "      <td>41243.637163</td>\n",
       "      <td>38301.407390</td>\n",
       "      <td>36032.289466</td>\n",
       "      <td>38129.991451</td>\n",
       "      <td>33732.753946</td>\n",
       "      <td>33891.913925</td>\n",
       "      <td>31572.443580</td>\n",
       "      <td>25294.630143</td>\n",
       "      <td>27933.794293</td>\n",
       "    </tr>\n",
       "    <tr>\n",
       "      <th>Japan</th>\n",
       "      <td>40530.045688</td>\n",
       "      <td>46361.468280</td>\n",
       "      <td>51465.158208</td>\n",
       "      <td>54655.450735</td>\n",
       "      <td>60762.213841</td>\n",
       "      <td>60011.530195</td>\n",
       "      <td>49023.932407</td>\n",
       "      <td>46634.511062</td>\n",
       "      <td>41103.226466</td>\n",
       "      <td>46126.327551</td>\n",
       "    </tr>\n",
       "    <tr>\n",
       "      <th>Korea, South</th>\n",
       "      <td>27726.129585</td>\n",
       "      <td>26072.410508</td>\n",
       "      <td>24575.661939</td>\n",
       "      <td>28175.181219</td>\n",
       "      <td>30991.707946</td>\n",
       "      <td>31951.760810</td>\n",
       "      <td>34354.112435</td>\n",
       "      <td>37286.221699</td>\n",
       "      <td>36432.680683</td>\n",
       "      <td>36776.733458</td>\n",
       "    </tr>\n",
       "    <tr>\n",
       "      <th>Mexico</th>\n",
       "      <td>4779.835655</td>\n",
       "      <td>4939.665939</td>\n",
       "      <td>4855.514856</td>\n",
       "      <td>5897.198481</td>\n",
       "      <td>6471.388439</td>\n",
       "      <td>6978.776719</td>\n",
       "      <td>7837.613530</td>\n",
       "      <td>8663.381606</td>\n",
       "      <td>7739.521462</td>\n",
       "      <td>6019.769275</td>\n",
       "    </tr>\n",
       "    <tr>\n",
       "      <th>Russia</th>\n",
       "      <td>43534.994996</td>\n",
       "      <td>56183.785393</td>\n",
       "      <td>51532.116798</td>\n",
       "      <td>58720.227609</td>\n",
       "      <td>70237.523951</td>\n",
       "      <td>81469.399931</td>\n",
       "      <td>88352.896464</td>\n",
       "      <td>84696.504653</td>\n",
       "      <td>66418.708184</td>\n",
       "      <td>69245.309461</td>\n",
       "    </tr>\n",
       "    <tr>\n",
       "      <th>Saudi Arabia</th>\n",
       "      <td>35469.513009</td>\n",
       "      <td>38222.933333</td>\n",
       "      <td>41267.200000</td>\n",
       "      <td>45244.533333</td>\n",
       "      <td>48530.933333</td>\n",
       "      <td>56497.866667</td>\n",
       "      <td>67020.000000</td>\n",
       "      <td>80762.400000</td>\n",
       "      <td>87185.866667</td>\n",
       "      <td>63672.800000</td>\n",
       "    </tr>\n",
       "    <tr>\n",
       "      <th>South Africa</th>\n",
       "      <td>3525.684244</td>\n",
       "      <td>3285.925081</td>\n",
       "      <td>3592.687702</td>\n",
       "      <td>4188.168092</td>\n",
       "      <td>4594.154078</td>\n",
       "      <td>4489.590096</td>\n",
       "      <td>4118.208483</td>\n",
       "      <td>3893.478121</td>\n",
       "      <td>3460.227225</td>\n",
       "      <td>3160.003705</td>\n",
       "    </tr>\n",
       "    <tr>\n",
       "      <th>Turkey</th>\n",
       "      <td>15319.161863</td>\n",
       "      <td>17127.313222</td>\n",
       "      <td>16352.301844</td>\n",
       "      <td>17939.370512</td>\n",
       "      <td>17304.881561</td>\n",
       "      <td>17958.240406</td>\n",
       "      <td>18662.574078</td>\n",
       "      <td>17772.167745</td>\n",
       "      <td>15880.927524</td>\n",
       "      <td>14802.861290</td>\n",
       "    </tr>\n",
       "    <tr>\n",
       "      <th>UK</th>\n",
       "      <td>65986.089657</td>\n",
       "      <td>65619.450480</td>\n",
       "      <td>57914.627858</td>\n",
       "      <td>58082.848795</td>\n",
       "      <td>60270.435687</td>\n",
       "      <td>58495.656721</td>\n",
       "      <td>56861.759588</td>\n",
       "      <td>59182.858554</td>\n",
       "      <td>53862.185493</td>\n",
       "      <td>48252.518238</td>\n",
       "    </tr>\n",
       "    <tr>\n",
       "      <th>USA</th>\n",
       "      <td>556961.000000</td>\n",
       "      <td>621131.000000</td>\n",
       "      <td>668567.000000</td>\n",
       "      <td>698180.000000</td>\n",
       "      <td>711338.000000</td>\n",
       "      <td>684780.000000</td>\n",
       "      <td>639704.000000</td>\n",
       "      <td>609914.000000</td>\n",
       "      <td>596009.639000</td>\n",
       "      <td>611186.443000</td>\n",
       "    </tr>\n",
       "  </tbody>\n",
       "</table>\n",
       "</div>"
      ],
      "text/plain": [
       "                       2007           2008           2009           2010  \\\n",
       "Country                                                                    \n",
       "Argentina       2296.440000    2788.980205    2981.852290    3475.348407   \n",
       "Australia      17186.440962   18633.092318   18960.138513   23217.692816   \n",
       "Brazil         20485.758015   24452.903036   25648.809911   34002.944470   \n",
       "Canada         17417.139931   19342.058405   18936.226052   19315.688825   \n",
       "China, P.R.    68011.562228   86362.099113  105644.214526  115711.781066   \n",
       "France         60594.986847   66009.448127   66884.028879   61781.748108   \n",
       "Germany        42551.851943   48081.444318   47470.073335   46255.521194   \n",
       "India          28254.773450   33002.376727   38722.154392   46090.445657   \n",
       "Indonesia       3348.758342    3232.202215    3304.459138    4663.365759   \n",
       "Italy          35961.721126   41243.637163   38301.407390   36032.289466   \n",
       "Japan          40530.045688   46361.468280   51465.158208   54655.450735   \n",
       "Korea, South   27726.129585   26072.410508   24575.661939   28175.181219   \n",
       "Mexico          4779.835655    4939.665939    4855.514856    5897.198481   \n",
       "Russia         43534.994996   56183.785393   51532.116798   58720.227609   \n",
       "Saudi Arabia   35469.513009   38222.933333   41267.200000   45244.533333   \n",
       "South Africa    3525.684244    3285.925081    3592.687702    4188.168092   \n",
       "Turkey         15319.161863   17127.313222   16352.301844   17939.370512   \n",
       "UK             65986.089657   65619.450480   57914.627858   58082.848795   \n",
       "USA           556961.000000  621131.000000  668567.000000  698180.000000   \n",
       "\n",
       "                       2011           2012           2013           2014  \\\n",
       "Country                                                                    \n",
       "Argentina       4051.930105    4563.217859    5137.974301    4979.442724   \n",
       "Australia      26597.198655   26216.580848   24825.262589   25783.708714   \n",
       "Brazil         36936.209896   33987.005074   32874.787231   32659.614241   \n",
       "Canada         21393.720864   20452.107111   18515.731210   17853.720278   \n",
       "China, P.R.   137967.304294  157390.377246  179880.451358  200772.203840   \n",
       "France         64600.927220   60035.153811   62417.099178   63613.569143   \n",
       "Germany        48140.347951   46470.870905   45930.540563   46102.673010   \n",
       "India          49633.815794   47216.920048   47403.528801   50914.108341   \n",
       "Indonesia       5838.026186    6531.097955    8384.028601    6929.255301   \n",
       "Italy          38129.991451   33732.753946   33891.913925   31572.443580   \n",
       "Japan          60762.213841   60011.530195   49023.932407   46634.511062   \n",
       "Korea, South   30991.707946   31951.760810   34354.112435   37286.221699   \n",
       "Mexico          6471.388439    6978.776719    7837.613530    8663.381606   \n",
       "Russia         70237.523951   81469.399931   88352.896464   84696.504653   \n",
       "Saudi Arabia   48530.933333   56497.866667   67020.000000   80762.400000   \n",
       "South Africa    4594.154078    4489.590096    4118.208483    3893.478121   \n",
       "Turkey         17304.881561   17958.240406   18662.574078   17772.167745   \n",
       "UK             60270.435687   58495.656721   56861.759588   59182.858554   \n",
       "USA           711338.000000  684780.000000  639704.000000  609914.000000   \n",
       "\n",
       "                       2015           2016  \n",
       "Country                                     \n",
       "Argentina       5482.616701    5209.264101  \n",
       "Australia      24040.310047   24616.898812  \n",
       "Brazil         24617.701683   23675.806667  \n",
       "Canada         15317.240429   15157.458550  \n",
       "China, P.R.   214093.069946  215175.930112  \n",
       "France         55342.131529   55745.475500  \n",
       "Germany        39812.576245   41067.464816  \n",
       "India          51295.483754   55923.169804  \n",
       "Indonesia       7639.095193    8183.424303  \n",
       "Italy          25294.630143   27933.794293  \n",
       "Japan          41103.226466   46126.327551  \n",
       "Korea, South   36432.680683   36776.733458  \n",
       "Mexico          7739.521462    6019.769275  \n",
       "Russia         66418.708184   69245.309461  \n",
       "Saudi Arabia   87185.866667   63672.800000  \n",
       "South Africa    3460.227225    3160.003705  \n",
       "Turkey         15880.927524   14802.861290  \n",
       "UK             53862.185493   48252.518238  \n",
       "USA           596009.639000  611186.443000  "
      ]
     },
     "execution_count": 13,
     "metadata": {},
     "output_type": "execute_result"
    }
   ],
   "source": [
    "###### Question 1 - The military spending of at least the top 10 G20 Countries\n",
    "\n",
    "# Loading data for military Spending from the cleaned Sipri excel file \n",
    "# Creating the DataFrame\n",
    "# Only G20 Countries along with Data for last 10 years i.e from 2007 - 2016\n",
    "\n",
    "df1 = pd.read_excel('C:\\ProgramData\\Anaconda3\\My files\\Sipri_data.xlsx', sheetname ='Military_Expenditure',index_col = 'Country')\n",
    "df1"
   ]
  },
  {
   "cell_type": "code",
   "execution_count": 14,
   "metadata": {},
   "outputs": [
    {
     "data": {
      "text/html": [
       "<div>\n",
       "<style>\n",
       "    .dataframe thead tr:only-child th {\n",
       "        text-align: right;\n",
       "    }\n",
       "\n",
       "    .dataframe thead th {\n",
       "        text-align: left;\n",
       "    }\n",
       "\n",
       "    .dataframe tbody tr th {\n",
       "        vertical-align: top;\n",
       "    }\n",
       "</style>\n",
       "<table border=\"1\" class=\"dataframe\">\n",
       "  <thead>\n",
       "    <tr style=\"text-align: right;\">\n",
       "      <th></th>\n",
       "      <th>2007</th>\n",
       "      <th>2008</th>\n",
       "      <th>2009</th>\n",
       "      <th>2010</th>\n",
       "      <th>2011</th>\n",
       "      <th>2012</th>\n",
       "      <th>2013</th>\n",
       "      <th>2014</th>\n",
       "      <th>2015</th>\n",
       "      <th>2016</th>\n",
       "      <th>Average</th>\n",
       "    </tr>\n",
       "    <tr>\n",
       "      <th>Country</th>\n",
       "      <th></th>\n",
       "      <th></th>\n",
       "      <th></th>\n",
       "      <th></th>\n",
       "      <th></th>\n",
       "      <th></th>\n",
       "      <th></th>\n",
       "      <th></th>\n",
       "      <th></th>\n",
       "      <th></th>\n",
       "      <th></th>\n",
       "    </tr>\n",
       "  </thead>\n",
       "  <tbody>\n",
       "    <tr>\n",
       "      <th>USA</th>\n",
       "      <td>556961.000000</td>\n",
       "      <td>621131.000000</td>\n",
       "      <td>668567.000000</td>\n",
       "      <td>698180.000000</td>\n",
       "      <td>711338.000000</td>\n",
       "      <td>684780.000000</td>\n",
       "      <td>639704.000000</td>\n",
       "      <td>609914.000000</td>\n",
       "      <td>596009.639000</td>\n",
       "      <td>611186.443000</td>\n",
       "      <td>639777.108200</td>\n",
       "    </tr>\n",
       "    <tr>\n",
       "      <th>China, P.R.</th>\n",
       "      <td>68011.562228</td>\n",
       "      <td>86362.099113</td>\n",
       "      <td>105644.214526</td>\n",
       "      <td>115711.781066</td>\n",
       "      <td>137967.304294</td>\n",
       "      <td>157390.377246</td>\n",
       "      <td>179880.451358</td>\n",
       "      <td>200772.203840</td>\n",
       "      <td>214093.069946</td>\n",
       "      <td>215175.930112</td>\n",
       "      <td>148100.899373</td>\n",
       "    </tr>\n",
       "    <tr>\n",
       "      <th>Russia</th>\n",
       "      <td>43534.994996</td>\n",
       "      <td>56183.785393</td>\n",
       "      <td>51532.116798</td>\n",
       "      <td>58720.227609</td>\n",
       "      <td>70237.523951</td>\n",
       "      <td>81469.399931</td>\n",
       "      <td>88352.896464</td>\n",
       "      <td>84696.504653</td>\n",
       "      <td>66418.708184</td>\n",
       "      <td>69245.309461</td>\n",
       "      <td>67039.146744</td>\n",
       "    </tr>\n",
       "    <tr>\n",
       "      <th>France</th>\n",
       "      <td>60594.986847</td>\n",
       "      <td>66009.448127</td>\n",
       "      <td>66884.028879</td>\n",
       "      <td>61781.748108</td>\n",
       "      <td>64600.927220</td>\n",
       "      <td>60035.153811</td>\n",
       "      <td>62417.099178</td>\n",
       "      <td>63613.569143</td>\n",
       "      <td>55342.131529</td>\n",
       "      <td>55745.475500</td>\n",
       "      <td>61702.456834</td>\n",
       "    </tr>\n",
       "    <tr>\n",
       "      <th>UK</th>\n",
       "      <td>65986.089657</td>\n",
       "      <td>65619.450480</td>\n",
       "      <td>57914.627858</td>\n",
       "      <td>58082.848795</td>\n",
       "      <td>60270.435687</td>\n",
       "      <td>58495.656721</td>\n",
       "      <td>56861.759588</td>\n",
       "      <td>59182.858554</td>\n",
       "      <td>53862.185493</td>\n",
       "      <td>48252.518238</td>\n",
       "      <td>58452.843107</td>\n",
       "    </tr>\n",
       "    <tr>\n",
       "      <th>Saudi Arabia</th>\n",
       "      <td>35469.513009</td>\n",
       "      <td>38222.933333</td>\n",
       "      <td>41267.200000</td>\n",
       "      <td>45244.533333</td>\n",
       "      <td>48530.933333</td>\n",
       "      <td>56497.866667</td>\n",
       "      <td>67020.000000</td>\n",
       "      <td>80762.400000</td>\n",
       "      <td>87185.866667</td>\n",
       "      <td>63672.800000</td>\n",
       "      <td>56387.404634</td>\n",
       "    </tr>\n",
       "    <tr>\n",
       "      <th>Japan</th>\n",
       "      <td>40530.045688</td>\n",
       "      <td>46361.468280</td>\n",
       "      <td>51465.158208</td>\n",
       "      <td>54655.450735</td>\n",
       "      <td>60762.213841</td>\n",
       "      <td>60011.530195</td>\n",
       "      <td>49023.932407</td>\n",
       "      <td>46634.511062</td>\n",
       "      <td>41103.226466</td>\n",
       "      <td>46126.327551</td>\n",
       "      <td>49667.386443</td>\n",
       "    </tr>\n",
       "    <tr>\n",
       "      <th>Germany</th>\n",
       "      <td>42551.851943</td>\n",
       "      <td>48081.444318</td>\n",
       "      <td>47470.073335</td>\n",
       "      <td>46255.521194</td>\n",
       "      <td>48140.347951</td>\n",
       "      <td>46470.870905</td>\n",
       "      <td>45930.540563</td>\n",
       "      <td>46102.673010</td>\n",
       "      <td>39812.576245</td>\n",
       "      <td>41067.464816</td>\n",
       "      <td>45188.336428</td>\n",
       "    </tr>\n",
       "    <tr>\n",
       "      <th>India</th>\n",
       "      <td>28254.773450</td>\n",
       "      <td>33002.376727</td>\n",
       "      <td>38722.154392</td>\n",
       "      <td>46090.445657</td>\n",
       "      <td>49633.815794</td>\n",
       "      <td>47216.920048</td>\n",
       "      <td>47403.528801</td>\n",
       "      <td>50914.108341</td>\n",
       "      <td>51295.483754</td>\n",
       "      <td>55923.169804</td>\n",
       "      <td>44845.677677</td>\n",
       "    </tr>\n",
       "    <tr>\n",
       "      <th>Italy</th>\n",
       "      <td>35961.721126</td>\n",
       "      <td>41243.637163</td>\n",
       "      <td>38301.407390</td>\n",
       "      <td>36032.289466</td>\n",
       "      <td>38129.991451</td>\n",
       "      <td>33732.753946</td>\n",
       "      <td>33891.913925</td>\n",
       "      <td>31572.443580</td>\n",
       "      <td>25294.630143</td>\n",
       "      <td>27933.794293</td>\n",
       "      <td>34209.458248</td>\n",
       "    </tr>\n",
       "    <tr>\n",
       "      <th>Korea, South</th>\n",
       "      <td>27726.129585</td>\n",
       "      <td>26072.410508</td>\n",
       "      <td>24575.661939</td>\n",
       "      <td>28175.181219</td>\n",
       "      <td>30991.707946</td>\n",
       "      <td>31951.760810</td>\n",
       "      <td>34354.112435</td>\n",
       "      <td>37286.221699</td>\n",
       "      <td>36432.680683</td>\n",
       "      <td>36776.733458</td>\n",
       "      <td>31434.260028</td>\n",
       "    </tr>\n",
       "    <tr>\n",
       "      <th>Brazil</th>\n",
       "      <td>20485.758015</td>\n",
       "      <td>24452.903036</td>\n",
       "      <td>25648.809911</td>\n",
       "      <td>34002.944470</td>\n",
       "      <td>36936.209896</td>\n",
       "      <td>33987.005074</td>\n",
       "      <td>32874.787231</td>\n",
       "      <td>32659.614241</td>\n",
       "      <td>24617.701683</td>\n",
       "      <td>23675.806667</td>\n",
       "      <td>28934.154022</td>\n",
       "    </tr>\n",
       "    <tr>\n",
       "      <th>Australia</th>\n",
       "      <td>17186.440962</td>\n",
       "      <td>18633.092318</td>\n",
       "      <td>18960.138513</td>\n",
       "      <td>23217.692816</td>\n",
       "      <td>26597.198655</td>\n",
       "      <td>26216.580848</td>\n",
       "      <td>24825.262589</td>\n",
       "      <td>25783.708714</td>\n",
       "      <td>24040.310047</td>\n",
       "      <td>24616.898812</td>\n",
       "      <td>23007.732427</td>\n",
       "    </tr>\n",
       "    <tr>\n",
       "      <th>Canada</th>\n",
       "      <td>17417.139931</td>\n",
       "      <td>19342.058405</td>\n",
       "      <td>18936.226052</td>\n",
       "      <td>19315.688825</td>\n",
       "      <td>21393.720864</td>\n",
       "      <td>20452.107111</td>\n",
       "      <td>18515.731210</td>\n",
       "      <td>17853.720278</td>\n",
       "      <td>15317.240429</td>\n",
       "      <td>15157.458550</td>\n",
       "      <td>18370.109165</td>\n",
       "    </tr>\n",
       "    <tr>\n",
       "      <th>Turkey</th>\n",
       "      <td>15319.161863</td>\n",
       "      <td>17127.313222</td>\n",
       "      <td>16352.301844</td>\n",
       "      <td>17939.370512</td>\n",
       "      <td>17304.881561</td>\n",
       "      <td>17958.240406</td>\n",
       "      <td>18662.574078</td>\n",
       "      <td>17772.167745</td>\n",
       "      <td>15880.927524</td>\n",
       "      <td>14802.861290</td>\n",
       "      <td>16911.980004</td>\n",
       "    </tr>\n",
       "    <tr>\n",
       "      <th>Mexico</th>\n",
       "      <td>4779.835655</td>\n",
       "      <td>4939.665939</td>\n",
       "      <td>4855.514856</td>\n",
       "      <td>5897.198481</td>\n",
       "      <td>6471.388439</td>\n",
       "      <td>6978.776719</td>\n",
       "      <td>7837.613530</td>\n",
       "      <td>8663.381606</td>\n",
       "      <td>7739.521462</td>\n",
       "      <td>6019.769275</td>\n",
       "      <td>6418.266596</td>\n",
       "    </tr>\n",
       "    <tr>\n",
       "      <th>Indonesia</th>\n",
       "      <td>3348.758342</td>\n",
       "      <td>3232.202215</td>\n",
       "      <td>3304.459138</td>\n",
       "      <td>4663.365759</td>\n",
       "      <td>5838.026186</td>\n",
       "      <td>6531.097955</td>\n",
       "      <td>8384.028601</td>\n",
       "      <td>6929.255301</td>\n",
       "      <td>7639.095193</td>\n",
       "      <td>8183.424303</td>\n",
       "      <td>5805.371299</td>\n",
       "    </tr>\n",
       "    <tr>\n",
       "      <th>Argentina</th>\n",
       "      <td>2296.440000</td>\n",
       "      <td>2788.980205</td>\n",
       "      <td>2981.852290</td>\n",
       "      <td>3475.348407</td>\n",
       "      <td>4051.930105</td>\n",
       "      <td>4563.217859</td>\n",
       "      <td>5137.974301</td>\n",
       "      <td>4979.442724</td>\n",
       "      <td>5482.616701</td>\n",
       "      <td>5209.264101</td>\n",
       "      <td>4096.706669</td>\n",
       "    </tr>\n",
       "    <tr>\n",
       "      <th>South Africa</th>\n",
       "      <td>3525.684244</td>\n",
       "      <td>3285.925081</td>\n",
       "      <td>3592.687702</td>\n",
       "      <td>4188.168092</td>\n",
       "      <td>4594.154078</td>\n",
       "      <td>4489.590096</td>\n",
       "      <td>4118.208483</td>\n",
       "      <td>3893.478121</td>\n",
       "      <td>3460.227225</td>\n",
       "      <td>3160.003705</td>\n",
       "      <td>3830.812683</td>\n",
       "    </tr>\n",
       "  </tbody>\n",
       "</table>\n",
       "</div>"
      ],
      "text/plain": [
       "                       2007           2008           2009           2010  \\\n",
       "Country                                                                    \n",
       "USA           556961.000000  621131.000000  668567.000000  698180.000000   \n",
       "China, P.R.    68011.562228   86362.099113  105644.214526  115711.781066   \n",
       "Russia         43534.994996   56183.785393   51532.116798   58720.227609   \n",
       "France         60594.986847   66009.448127   66884.028879   61781.748108   \n",
       "UK             65986.089657   65619.450480   57914.627858   58082.848795   \n",
       "Saudi Arabia   35469.513009   38222.933333   41267.200000   45244.533333   \n",
       "Japan          40530.045688   46361.468280   51465.158208   54655.450735   \n",
       "Germany        42551.851943   48081.444318   47470.073335   46255.521194   \n",
       "India          28254.773450   33002.376727   38722.154392   46090.445657   \n",
       "Italy          35961.721126   41243.637163   38301.407390   36032.289466   \n",
       "Korea, South   27726.129585   26072.410508   24575.661939   28175.181219   \n",
       "Brazil         20485.758015   24452.903036   25648.809911   34002.944470   \n",
       "Australia      17186.440962   18633.092318   18960.138513   23217.692816   \n",
       "Canada         17417.139931   19342.058405   18936.226052   19315.688825   \n",
       "Turkey         15319.161863   17127.313222   16352.301844   17939.370512   \n",
       "Mexico          4779.835655    4939.665939    4855.514856    5897.198481   \n",
       "Indonesia       3348.758342    3232.202215    3304.459138    4663.365759   \n",
       "Argentina       2296.440000    2788.980205    2981.852290    3475.348407   \n",
       "South Africa    3525.684244    3285.925081    3592.687702    4188.168092   \n",
       "\n",
       "                       2011           2012           2013           2014  \\\n",
       "Country                                                                    \n",
       "USA           711338.000000  684780.000000  639704.000000  609914.000000   \n",
       "China, P.R.   137967.304294  157390.377246  179880.451358  200772.203840   \n",
       "Russia         70237.523951   81469.399931   88352.896464   84696.504653   \n",
       "France         64600.927220   60035.153811   62417.099178   63613.569143   \n",
       "UK             60270.435687   58495.656721   56861.759588   59182.858554   \n",
       "Saudi Arabia   48530.933333   56497.866667   67020.000000   80762.400000   \n",
       "Japan          60762.213841   60011.530195   49023.932407   46634.511062   \n",
       "Germany        48140.347951   46470.870905   45930.540563   46102.673010   \n",
       "India          49633.815794   47216.920048   47403.528801   50914.108341   \n",
       "Italy          38129.991451   33732.753946   33891.913925   31572.443580   \n",
       "Korea, South   30991.707946   31951.760810   34354.112435   37286.221699   \n",
       "Brazil         36936.209896   33987.005074   32874.787231   32659.614241   \n",
       "Australia      26597.198655   26216.580848   24825.262589   25783.708714   \n",
       "Canada         21393.720864   20452.107111   18515.731210   17853.720278   \n",
       "Turkey         17304.881561   17958.240406   18662.574078   17772.167745   \n",
       "Mexico          6471.388439    6978.776719    7837.613530    8663.381606   \n",
       "Indonesia       5838.026186    6531.097955    8384.028601    6929.255301   \n",
       "Argentina       4051.930105    4563.217859    5137.974301    4979.442724   \n",
       "South Africa    4594.154078    4489.590096    4118.208483    3893.478121   \n",
       "\n",
       "                       2015           2016        Average  \n",
       "Country                                                    \n",
       "USA           596009.639000  611186.443000  639777.108200  \n",
       "China, P.R.   214093.069946  215175.930112  148100.899373  \n",
       "Russia         66418.708184   69245.309461   67039.146744  \n",
       "France         55342.131529   55745.475500   61702.456834  \n",
       "UK             53862.185493   48252.518238   58452.843107  \n",
       "Saudi Arabia   87185.866667   63672.800000   56387.404634  \n",
       "Japan          41103.226466   46126.327551   49667.386443  \n",
       "Germany        39812.576245   41067.464816   45188.336428  \n",
       "India          51295.483754   55923.169804   44845.677677  \n",
       "Italy          25294.630143   27933.794293   34209.458248  \n",
       "Korea, South   36432.680683   36776.733458   31434.260028  \n",
       "Brazil         24617.701683   23675.806667   28934.154022  \n",
       "Australia      24040.310047   24616.898812   23007.732427  \n",
       "Canada         15317.240429   15157.458550   18370.109165  \n",
       "Turkey         15880.927524   14802.861290   16911.980004  \n",
       "Mexico          7739.521462    6019.769275    6418.266596  \n",
       "Indonesia       7639.095193    8183.424303    5805.371299  \n",
       "Argentina       5482.616701    5209.264101    4096.706669  \n",
       "South Africa    3460.227225    3160.003705    3830.812683  "
      ]
     },
     "execution_count": 14,
     "metadata": {},
     "output_type": "execute_result"
    }
   ],
   "source": [
    "# Calculate the mean for each country\n",
    "# Add a column to the DataFrame called \"Average\"\n",
    "# Sort the DataFrame by this new \"Average\" value\n",
    "\n",
    "df1['Average'] = df1.mean(axis=1)\n",
    "df1.sort_values(by = 'Average', ascending = False, inplace=True)\n",
    "df1"
   ]
  },
  {
   "cell_type": "code",
   "execution_count": 15,
   "metadata": {},
   "outputs": [
    {
     "data": {
      "text/plain": [
       "<matplotlib.axes._subplots.AxesSubplot at 0x8e35bdf860>"
      ]
     },
     "execution_count": 15,
     "metadata": {},
     "output_type": "execute_result"
    },
    {
     "data": {
